48
22
1
0
26
19
26
17
59
22
19
17
17
27
8
15
118
35
136
27
12
19
9
19
128
6
14
49
7
14
19
20
2
15
20
16
15
19
16
15
4
6
7
9
13
7
16
48
43
22
6
22
34
10
3
7
8
6
22
47
118
2
118
118
114
6
11
24
18
4
11
5
13
1
57
32
5
22
38
118
0
22
0
0
31
1
39
17
20
21
6
4
3
2
2
1
1
3
6
13
1
5
74
1
3
61
4
1
1
4
1
3
6
6
6
2
3
4
5
5
4
1
1
3
2
3
1
1
9
3
12
6
6
5
11
3
3
10
32
2
3
3
5
1
23
24
19
20
21
26
0
119
136
0
119
26
22
16
114
19
0
4
1
3
49
3
1
16
14
16
22
11
118
4
49
11
2
115
27
60
16
1
136
24
14
113
5
113
16
9
31
4
2
17
32
0
3
31
5
4
2
119
115
16
1
34
46
68
8
4
5
5
4
15
8
1
13
97
115
28
23
1
128
5
62
5
56
1
15
0
9
3
43
17
6
69
39
5
32
118
69
4
55
14
37
7
23
19
5
4
3
22
118
1
6
16
114
0
13
128
5
118
118
18
118
8
0
8
15
5
4
1
1
2
1
5
2
4
2
5
5
1
17
9
3
12
6
1
10
3
0
114
17
114
5
0
5
1
6
4
16
0
4
0
5
4
0
0
0
1
6
3
118
128
118
118
118
118
118
118
118
10
0
16
2
4
5
10
5
3
3
10
0
3
10
47
51
52
58
50
9
9
18
9
50
5
50
9
55
53
3
10
55
51
51
0
50
77
8
0
53
0
23
52
0
52
58
53
0
67
114
0
9
51
50
51
3
128
4
6
3
118
19
2
24
16
16
9
1
16
3
18
23
114
19
123
16
13
14
22
15
114
5
0
3
2
11
2
61
5
5
0
6
5
119
6
3
48
8
10
10
3
2
10
4
9
114
0
2
5
7
25
121
20
1
121
2
22
3
2
7
1
7
0
43
22
9
9
16
10
51
6
6
6
23
6
6
6
6
1
6
6
6
6
1
6
1
6
6
116
114
5
7
47
32
47
47
47
47
49
25
6
69
34
47
11
47
46
16
47
47
37
47
56
47
47
55
47
11
11
11
122
11
11
48
57
127
5
40
6
16
6
7
5
6
6
6
6
16
123
10
7
10
14
9
17
10
9
12
57
57
58
57
57
57
113
58
55
57
58
57
60
57
57
57
57
49
57
57
57
57
57
52
57
57
57
57
61
57
57
57
57
57
57
57
59
57
30
32
31
30
26
39
34
34
26
31
22
11
4
11
32
11
21
34
23
1
2
2
14
8
25
12
19
11
6
22
14
29
14
6
59
21
29
49
23
119
19
17
38
19
19
16
19
18
19
22
1
1
2
1
2
1
1
1
118
1
2
1
3
118
1
1
1
1
4
2
1
2
1
20
18
118
118
2
8
6
6
9
6
6
6
6
6
128
118
128
3
7
14
59
19
74
74
119
0
0
0
0
7
24
7
2
2
2
5
2
61
3
2
11
6
5
6
4
6
3
3
3
3
32
31
44
5
32
33
34
32
32
33
128
23
32
3
38
28
34
33
0
32
44
33
32
35
34
34
35
0
32
33
33
128
35
32
32
34
119
117
115
118
18
19
17
18
70
16
8
24
19
18
16
3
3
15
0
15
115
14
16
28
29
30
27
27
30
28
30
27
29
27
27
29
29
27
27
29
29
30
34
30
27
5
9
47
114
55
128
0
116
116
116
47
116
115
114
28
33
6
5
118
119
16
4
2
114
1
0
37
118
0
116
1
7
118
5
32
0
5
60
118
2
23
113
113
21
128
2
118
51
118
36
0
69
0
116
117
17
18
18
18
18
17
17
16
18
18
17
17
7
18
18
32
16
17
17
18
18
18
2
2
2
7
6
5
7
6
6
6
2
6
0
6
7
5
6
1
7
6
6
6
1
16
16
51
16
51
115
24
53
16
24
2
124
128
46
31
38
37
34
32
32
33
33
31
31
36
38
34
35
6
0
7
7
118
118
1
6
1
1
57
33
2
0
0
4
6
4
5
114
35
32
32
32
35
32
35
7
36
34
33
34
32
32
36
0
1
5
118
3
1
0
6
26
16
16
8
6
7
10
1
1
3
3
10
0
4
3
22
9
63
1
70
2
4
7
56
1
1
4
4
58
65
61
62
2
3
3
59
1
3
6
24
5
59
3
4
0
1
2
3
5
57
1
32
2
22
8
57
84
1
2
57
62
17
1
1
1
3
63
54
1
6
57
57
1
2
1
60
7
5
8
6
1
6
6
60
6
54
7
13
67
3
4
4
0
117
26
1
23
6
5
16
5
1
1
1
27
6
6
27
26
128
8
9
9
118
23
1
1
6
57
6
17
6
2
2
5
2
2
2
25
2
3
3
6
2
2
3
7
2
2
2
2
3
2
2
4
2
2
2
2
5
2
4
10
6
3
2
2
3
2
4
2
2
6
2
2
4
5
5
3
6
2
15
4
1
3
14
35
0
36
33
32
35
34
34
19
18
2
3
4
2
19
19
3
13
20
3
4
7
10
3
9
3
6
3
19
0
5
3
8
5
5
8
4
6
5
32
32
7
11
11
7
7
31
20
3
7
0
0
5
4
4
0
10
5
1
31
5
2
9
11
7
1
0
7
5
0
6
0
119
5
6
6
6
23
14
14
115
14
13
8
3
0
3
3
122
0
0
0
18
6
5
9
20
5
22
24
22
13
6
1
1
1
22
6
22
4
44
47
47
47
47
47
47
47
47
47
47
47
47
13
47
47
47
47
47
47
47
0
47
47
47
47
47
47
47
46
47
49
0
0
51
50
56
114
56
58
60
0
51
57
0
0
5
6
53
3
3
5
6
5
24
6
6
5
5
6
51
9
1
2
15
0
58
56
57
3
3
2
3
3
3
3
3
3
5
5
6
0
17
19
11
14
15
0
9
9
11
9
27
114
117
114
18
114
19
21
16
117
0
114
114
1
5
6
118
23
8
23
22
117
0
17
5
26
0
5
22
4
11
12
118
118
118
118
120
118
117
116
143
118
120
118
116
119
118
118
118
121
119
119
118
118
112
118
133
118
115
118
116
118
0
118
118
120
123
118
128
118
119
120
119
118
1
118
118
120
118
118
118
114
118
118
118
118
118
111
118
108
118
119
118
118
132
117
128
118
118
118
118
119
118
118
134
118
118
134
118
118
119
0
118
112
118
109
119
117
118
126
122
118
118
118
128
118
118
118
118
124
119
118
118
117
118
118
123
118
118
118
119
119
119
118
118
119
120
0
118
1
1
0
0
30
11
12
10
10
10
10
10
7
9
3
7
3
3
4
6
12
0
9
8
10
10
12
14
8
0
3
3
3
3
4
3
10
0
11
9
9
9
9
3
6
6
6
6
6
6
6
6
6
6
6
6
6
2
6
6
1
6
6
6
6
6
1
6
6
6
1
1
6
6
6
6
6
6
6
10
3
4
5
6
3
8
8
0
113
128
5
19
32
18
22
6
4
4
3
3
3
3
5
6
5
3
7
4
5
6
6
3
6
4
3
5
5
6
47
47
0
37
37
38
37
37
37
37
37
37
37
37
37
37
37
36
37
36
36
37
37
7
119
23
15
5
3
47
3
5
5
3
3
2
3
5
6
16
16
16
16
16
16
16
16
16
16
16
16
17
17
16
16
0
7
0
0
0
0
0
0
0
0
3
7
4
4
4
6
6
0
1
8
0
0
0
0
0
0
0
6
0
2
2
6
3
0
6
0
5
0
22
19
3
4
31
29
31
29
29
22
30
29
22
31
29
37
23
32
15
2
116
31
9
8
113
4
11
2
7
119
28
2
1
1
1
118
1
1
1
10
6
6
7
6
7
6
6
6
6
6
6
6
6
6
9
6
6
7
6
3
0
0
0
0
0
0
0
0
0
0
0
0
0
0
36
14
35
33
35
38
0
32
34
34
34
34
32
36
36
5
14
0
36
2
0
33
34
43
22
118
6
7
17
18
0
0
0
0
0
0
0
0
0
0
0
0
0
0
0
0
0
0
0
0
0
0
0
0
0
0
0
0
0
0
0
0
0
0
0
0
0
0
0
0
0
0
0
0
0
0
0
0
0
0
0
0
17
19
17
0
0
0
118
3
27
27
27
28
28
27
27
27
1
27
27
29
28
29
27
26
27
28
28
113
7
4
3
10
4
6
3
5
4
3
7
3
6
6
4
3
4
6
2
10
6
6
13
4
4
113
19
21
8
19
52
0
7
1
113
18
118
0
6
4
0
3
3
9
31
0
31
31
31
31
0
0
0
16
0
2
3
0
0
8
1
6
4
4
2
0
2
3
3
32
3
3
35
35
32
2
36
36
36
36
32
32
32
36
36
36
36
3
3
1
2
1
2
5
1
11
5
10
1
1
1
2
1
1
6
6
6
1
1
7
22
5
5
4
3
4
3
4
3
0
0
2
2
1
0
1
22
1
1
2
2
1
1
2
16
8
0
0
0
0
0
0
0
0
0
0
0
0
0
0
0
0
0
0
0
0
0
0
0
0
0
0
0
0
0
0
0
0
0
0
0
0
0
0
0
0
0
0
0
0
0
0
0
0
0
0
0
0
0
0
0
0
0
0
0
0
0
0
0
0
0
0
0
0
0
0
0
0
0
0
0
0
0
0
0
0
0
0
0
0
0
0
0
0
0
0
0
0
0
0
0
0
0
0
0
0
0
0
0
0
0
0
0
0
0
0
0
0
0
0
0
0
0
0
0
0
0
0
0
0
0
0
0
0
0
0
0
0
0
0
0
0
0
0
0
0
0
0
0
0
0
0
0
0
0
0
0
0
0
0
0
0
0
0
0
0
0
0
0
0
0
0
0
0
0
0
0
0
0
0
0
0
0
0
0
0
0
0
0
0
0
0
0
0
0
0
0
0
0
0
0
0
0
0
0
0
0
0
0
0
0
0
0
0
0
0
0
0
0
0
0
0
0
0
0
0
0
0
0
0
0
0
0
0
0
0
0
0
0
0
0
0
0
0
0
0
0
0
0
0
0
0
0
0
0
0
0
0
0
0
0
0
0
0
0
0
0
0
0
0
0
0
0
0
0
0
0
0
0
0
0
0
0
0
0
0
0
0
0
0
0
0
0
0
0
0
0
0
0
0
0
0
0
0
0
0
0
0
0
0
0
0
0
0
0
0
0
0
0
0
0
0
0
0
0
0
0
0
0
0
0
0
0
0
0
0
0
0
0
0
0
0
0
0
0
0
0
0
0
0
0
0
0
0
0
0
0
0
0
0
0
0
0
0
0
0
0
0
0
0
0
0
0
0
0
0
0
0
0
0
0
0
0
0
0
0
0
0
0
0
0
0
0
0
0
0
0
0
0
0
0
0
0
0
0
0
0
0
0
0
0
0
0
0
0
0
0
0
0
0
0
0
0
0
0
0
0
0
0
0
0
0
0
0
0
0
0
0
0
0
0
0
0
0
0
0
0
0
0
0
0
0
0
0
0
0
0
0
0
0
0
0
0
0
0
0
0
0
0
0
0
0
0
0
0
0
0
0
0
0
0
0
0
0
0
0
0
0
0
0
0
0
0
0
0
0
0
0
0
0
0
0
0
0
0
0
0
0
0
0
0
0
0
0
0
0
0
0
0
0
0
0
0
0
0
0
0
0
0
0
0
0
0
0
0
0
0
0
0
0
0
0
0
0
0
0
0
0
0
0
0
0
0
0
0
0
0
0
0
0
0
0
0
0
0
0
0
0
0
0
0
0
0
0
0
0
0
0
0
0
0
0
0
0
0
0
0
0
0
0
0
0
0
0
0
0
0
0
0
0
0
0
0
0
0
0
0
0
0
0
0
0
0
0
0
0
0
0
0
0
0
0
0
0
0
0
0
0
0
0
0
0
0
0
0
0
0
0
0
0
0
0
0
0
0
0
0
0
0
0
0
0
0
0
0
0
0
0
0
0
0
0
0
0
0
0
0
0
0
0
0
0
0
0
0
0
0
0
0
0
0
0
0
0
0
0
0
0
0
0
0
0
0
0
0
0
0
0
0
0
0
0
0
0
0
0
0
0
0
0
0
0
0
0
0
0
0
0
0
0
0
0
0
0
0
0
0
0
0
0
0
0
0
0
0
0
0
0
0
0
0
0
0
0
0
0
0
0
0
0
0
0
0
0
0
0
0
0
0
0
0
0
0
0
0
0
0
0
0
0
0
0
0
0
0
0
0
0
0
0
0
0
0
0
0
0
0
0
0
0
0
0
0
0
0
0
0
0
0
0
0
0
0
0
0
0
0
0
0
0
0
0
0
0
0
0
0
0
0
0
0
0
0
0
0
0
0
0
0
0
0
0
0
0
0
0
0
0
0
0
0
0
0
0
0
0
0
0
0
0
0
0
0
0
0
0
0
0
0
0
0
0
0
0
0
0
0
0
0
0
0
0
0
0
0
0
0
0
0
0
0
0
0
0
0
0
0
0
0
0
0
0
0
0
0
0
0
0
0
0
0
0
0
0
0
0
0
0
0
0
0
0
0
0
0
0
0
0
0
0
0
0
0
0
0
0
0
0
0
0
0
0
0
0
0
0
0
0
0
0
0
0
0
0
0
0
0
0
0
0
0
0
0
0
0
0
0
0
0
0
0
0
0
0
0
0
0
0
0
0
0
0
0
0
0
0
0
0
0
0
0
0
0
0
0
0
0
0
0
0
0
0
0
0
0
0
0
0
0
0
0
0
0
0
0
0
0
0
0
0
0
0
0
0
0
0
0
0
0
0
0
0
0
0
0
0
0
0
0
0
0
0
0
0
0
0
0
0
0
0
0
0
0
0
0
0
0
0
0
0
0
0
0
0
0
0
0
0
0
0
0
0
0
0
0
0
0
0
0
0
0
0
0
0
0
0
0
0
0
0
0
0
0
0
0
0
0
0
0
0
0
0
0
0
0
0
0
0
0
0
0
0
0
0
0
0
0
0
0
0
0
0
0
0
0
0
0
0
0
0
0
0
0
0
0
0
0
0
0
0
0
0
0
0
0
0
0
0
0
0
0
0
0
0
0
0
0
0
0
0
0
0
0
0
0
0
0
0
0
0
0
0
0
0
0
0
0
0
0
0
0
0
0
0
0
0
0
0
0
0
0
0
0
0
0
0
0
0
0
0
0
0
0
0
0
0
0
0
0
0
0
0
0
0
0
0
0
0
0
0
0
0
0
0
0
0
0
0
0
0
0
0
0
0
0
0
0
0
0
0
0
0
0
0
0
0
0
0
0
0
0
0
0
0
0
0
0
0
0
0
0
0
0
0
0
0
0
0
0
0
0
0
0
0
0
0
0
0
0
0
0
0
0
0
0
0
0
0
0
0
0
0
0
0
0
0
0
0
0
0
0
0
0
0
0
0
0
0
0
0
0
0
0
0
0
0
0
0
0
0
0
0
0
0
0
0
0
0
0
0
0
0
0
0
0
0
0
0
0
0
0
0
0
0
0
0
0
0
0
0
0
0
0
0
0
0
0
0
0
0
0
0
0
0
0
0
0
0
0
0
0
0
0
0
0
0
0
0
0
0
0
0
0
0
0
0
0
0
0
0
0
0
0
0
0
0
0
0
0
0
0
0
0
0
0
0
0
0
0
0
0
0
0
0
0
0
0
0
0
0
0
0
0
0
0
0
0
0
0
0
0
0
0
0
0
0
0
0
0
0
0
0
0
0
0
0
0
0
0
0
0
0
0
0
0
0
0
0
0
0
0
0
0
0
0
0
0
0
0
0
0
0
0
0
0
0
0
0
0
0
0
0
0
0
0
0
0
0
0
0
0
0
0
0
0
0
0
0
0
0
0
0
0
0
0
0
0
0
0
0
0
0
0
0
0
0
0
0
0
0
0
0
0
0
0
0
0
0
0
0
0
0
0
0
0
0
0
0
0
0
0
0
0
0
0
0
0
0
0
0
0
0
0
0
0
0
0
0
0
0
0
0
0
0
0
0
0
0
0
0
0
0
0
0
0
0
0
0
0
0
0
0
0
0
