277
506
143
369
4
55
187
118
185
479
170
121
142
366
151
4
5
2
426
118
142
118
932
12
4
167
142
195
2
150
121
122
150
118
479
487
480
118
118
121
118
142
122
23
1565
118
118
290
485
11
85
11
481
808
11
404
12
615
11
680
17
3
3
4
2
141
2
3
56
159
27
22
163
1
1
3
21
21
39
22
23
6
21
21
6
10
6
6
6
4
11
11
11
12
8
11
11
11
11
11
11
33
11
11
11
4
8
11
11
11
11
11
11
11
11
11
11
11
11
11
11
11
11
9
11
11
11
11
11
11
11
11
11
11
11
11
15
11
140
11
11
11
11
11
4
4
4
4
4
4
4
5
6
6
5
9
5
3
3
3
130
2
2
49
17
17
2
23
23
23
23
2
153
2
140
66
114
128
154
158
137
114
79
114
138
114
114
121
114
186
115
123
115
117
51
114
118
172
114
174
117
116
128
114
120
51
129
114
114
117
114
117
115
114
127
114
128
155
127
114
116
116
51
114
156
115
155
128
143
114
116
141
114
114
164
142
155
117
129
114
114
115
127
127
51
114
128
114
114
1
2
1
1
1
1
6
18
1
1
14
1
44
15
4
14
1
1
3
43
3
4
3
3
4
3
3
17
3
4
5
4
3
27
3
3
3
3
4
3
3
2
2
3
15
3
2
2
8
22
2
3
2
2
2
22
2
14
14
17
14
14
4
14
18
14
14
14
14
14
14
14
12
1
13
13
13
12
4
12
11
45
4
11
4
11
54
43
43
43
43
43
44
44
43
43
43
43
43
43
43
67
43
43
43
43
43
43
43
67
43
43
43
44
43
43
43
44
43
43
43
43
43
43
43
43
43
3
1
1
2
1
6
1
1
4
1
2
1
1
3
2
1
1
1
1
1
1
1
1
1
2
4
3
1
19
4
34
2
3
2
2
8
2
2
2
4
2
2
1
2
71
51
1
1
1
1
1
3
3
3
3
53
3
3
4
2
3
3
3
3
3
2
3
3
3
3
3
24
25
24
1
1
1
1
1
1
1
1
1
2
1
1
1
1
1
1
1
1
5
3
6
3
68
25
41
25
25
25
25
25
42
26
25
25
25
27
25
25
25
25
25
44
25
43
25
25
25
25
6
6
6
17
6
6
2
46
54
1
39
2
2
2
15
2
14
14
14
14
2
12
7
4
2
7
4
13
7
5
8
44
44
44
44
44
44
57
44
58
44
44
44
44
44
44
44
46
116
44
57
44
44
44
45
44
44
44
44
44
44
44
58
44
44
44
44
44
44
14
15
14
14
42
1
14
14
14
14
3
1
2
1
2
29
3
15
28
2
2
2
2
2
28
2
28
28
31
28
28
28
2
2
28
28
2
3
28
28
2
2
3
1
1
1
1
1
1
4
2
1
1
1
1
1
1
1
1
1
2
1
1
1
1
1
1
1
1
1
1
1
1
1
3
2
2
1
4
4
1
2
1
3
2
1
1
1
1
1
3
3
22
3
23
3
3
23
1
1
1
2
24
24
24
1
1
1
2
1
5
1
1
19
1
1
1
1
1
1
1
1
1
71
58
58
54
58
59
3
58
58
59
58
58
58
59
58
58
67
58
58
58
58
58
58
54
24
54
61
58
1
1
1
1
1
1
18
1
4
5
11
5
2
3
2
4
2
2
3
2
1
1
1
1
1
3
3
1
6
4
4
44
44
44
44
44
44
44
44
44
44
44
44
44
44
44
44
44
44
44
44
44
44
2
2
17
1
41
13
13
13
14
13
14
13
13
39
41
16
13
13
13
13
14
21
14
13
14
13
16
13
14
13
14
13
16
13
41
14
13
13
13
14
54
18
13
18
13
13
17
13
13
16
13
13
13
13
13
1
1
25
1
25
1
1
25
1
25
25
1
25
4
1
25
25
25
25
25
1
1
2
2
2
2
2
2
3
4
2
2
2
2
2
2
2
2
2
2
2
2
2
2
2
2
2
2
2
2
6
8
3
2
1
3
2
2
25
25
25
25
25
25
25
25
25
25
25
25
25
25
25
10
3
9
1
1
5
2
1
3
1
1
4
15
14
3
4
4
4
51
1
3
40
40
1
40
40
40
40
40
40
40
40
40
40
40
1
2
2
2
2
2
1
2
8
8
8
1
3
3
3
1
1
2
6
1
7
2
2
2
2
28
5
28
2
1
1
28
3
1
1
1
28
28
28
28
1
1
2
28
2
1
1
28
1
28
1
2
1
1
2
2
2
28
28
28
1
2
1
28
28
5
1
28
28
3
2
2
2
2
28
28
1
2
28
28
1
1
4
28
2
1
28
1
2
2
28
28
4
28
2
28
28
1
1
1
23
23
25
23
26
23
24
23
2
23
23
23
23
24
23
24
23
2
1
1
3
2
2
1
1
1
1
1
2
1
2
1
1
1
1
1
1
1
1
1
1
1
1
1
1
1
1
1
1
1
1
1
1
1
1
1
1
1
1
1
1
1
1
1
1
1
1
1
1
1
1
1
1
1
1
3
4
3
3
3
5
5
3
3
2
4
3
4
4
4
2
4
9
9
8
2
2
9
11
8
2
10
8
2
2
2
8
2
9
2
2
2
8
2
2
2
6
2
2
2
2
2
2
2
2
7
7
7
7
7
2
2
1
1
1
1
1
1
1
35
35
33
3
3
3
5
5
5
12
1
1
7
7
7
7
2
6
9
9
9
9
1
1
1
1
1
1
1
1
1
1
1
2
1
1
1
2
1
1
4
1
1
1
1
1
2
1
2
3
1
1
1
1
1
31
31
31
31
31
2
31
31
31
31
31
31
31
31
31
31
31
31
31
31
31
31
31
31
31
31
31
31
31
31
31
3
1
1
4
10
11
11
5
4
4
10
3
1
1
1
2
2
6
7
8
1
1
1
1
1
1
1
1
1
7
6
1
4
1
1
6
1
6
1
1
1
1
1
1
1
1
1
1
1
1
1
1
10
10
10
10
1
9
9
10
10
1
1
1
1
2
1
1
1
3
1
1
1
1
1
1
2
1
1
1
1
1
2
1
1
1
1
1
7
1
1
1
1
115
115
115
115
115
115
115
115
115
115
115
115
115
115
115
115
115
115
115
115
115
115
115
115
115
115
115
115
115
115
2
115
115
8
115
115
115
115
115
115
115
115
2
115
115
8
115
115
115
115
115
6
115
115
115
115
115
115
115
115
115
115
115
115
115
115
115
115
115
115
115
115
115
115
115
115
115
115
115
2
115
115
115
2
115
115
115
115
115
115
9
115
115
115
115
115
115
115
4
115
115
115
115
115
115
115
115
115
115
115
8
115
115
115
115
2
115
1
1
1
1
8
9
9
9
9
9
9
9
9
1
3
15
15
4
5
15
15
1
2
3
2
4
2
2
2
2
1
1
1
1
2
1
1
1
1
1
1
1
1
1
1
1
1
1
1
1
1
1
1
1
1
1
1
1
1
1
1
1
1
1
1
1
1
1
1
1
1
1
1
1
1
1
1
1
1
2
2
2
2
2
2
1
1
1
1
5
3
1
5
5
1
1
1
1
1
2
1
1
1
2
2
2
3
1
1
1
1
1
1
1
2
2
1
2
1
1
2
21
21
21
21
21
21
21
21
21
21
21
21
21
21
21
21
21
21
21
18
1
1
1
1
1
1
1
1
1
1
1
1
1
1
1
2
3
17
17
17
17
17
17
17
17
17
17
17
17
17
17
17
1
1
1
1
1
1
1
1
1
1
1
1
1
1
1
1
2
1
1
2
1
1
1
1
1
1
1
1
1
1
1
1
1
1
1
1
1
1
4
21
1
1
1
13
13
13
2
13
13
13
14
1
1
4
4
4
2
2
2
2
2
3
2
4
3
2
2
2
6
4
1
2
1
1
1
1
1
2
1
1
1
1
1
1
1
1
1
1
1
1
1
1
1
1
1
1
1
2
1
7
1
1
1
1
1
1
1
1
1
1
1
1
2
2
2
1
1
3
2
1
1
2
1
2
1
1
1
2
1
1
1
4
2
1
1
1
1
1
2
1
1
2
1
1
1
1
1
1
1
1
1
1
1
1
1
1
1
1
1
1
1
1
1
1
1
1
1
1
1
1
1
1
1
1
1
1
1
1
1
1
1
1
1
1
1
1
1
1
1
1
1
1
1
1
1
1
1
1
1
1
1
1
2
1
1
2
2
5
3
3
1
2
1
4
4
2
1
1
1
1
1
2
1
1
1
1
1
1
1
1
1
2
1
1
1
1
1
1
1
1
1
3
2
2
1
8
7
1
1
4
5
4
2
1
1
2
1
11
1
2
1
1
1
1
1
1
1
1
1
1
1
1
3
3
1
2
2
1
1
2
1
1
1
1
1
5
1
1
1
1
1
1
1
1
2
2
2
6
5
5
5
5
1
1
1
5
5
5
5
1
1
1
1
1
1
1
1
1
1
1
1
1
1
1
1
1
1
1
1
1
1
1
5
1
1
1
1
1
1
1
1
1
1
1
1
1
2
1
1
1
1
1
1
1
1
2
1
1
2
1
1
1
3
3
2
2
1
2
2
2
2
1
1
1
1
1
1
1
1
1
1
1
1
1
1
1
1
2
1
1
4
1
2
1
4
1
1
1
1
1
1
1
1
1
1
2
1
1
1
1
1
1
1
1
1
1
1
1
1
1
1
1
1
1
1
1
1
1
1
2
1
1
1
1
1
1
2
2
1
1
1
2
1
1
1
1
1
1
1
1
1
1
1
1
1
1
1
1
1
2
1
1
1
1
1
1
1
2
1
1
1
2
2
2
3
2
2
2
2
2
1
2
2
2
2
2
3
1
3
1
1
1
1
1
1
1
1
1
1
1
1
1
2
1
1
1
1
1
1
2
1
1
1
1
1
1
1
1
1
1
3
1
1
1
1
1
1
1
1
1
1
1
1
1
1
1
4
4
4
4
4
1
1
1
1
1
1
1
1
1
1
1
1
1
1
1
1
1
1
1
1
1
2
1
1
1
1
1
1
1
1
1
1
1
1
1
1
1
1
1
1
1
1
1
1
1
1
1
1
1
1
2
1
1
1
1
1
1
1
1
1
1
1
1
1
1
1
1
1
1
1
1
1
1
1
1
1
1
1
1
1
1
1
1
1
1
1
1
1
1
1
1
1
1
1
1
1
1
1
1
1
1
1
1
1
1
1
1
1
1
1
1
1
1
1
1
2
1
1
1
1
1
1
1
1
2
1
1
1
1
1
1
1
1
1
1
1
1
1
2
2
2
2
2
2
1
1
1
1
1
1
1
1
1
1
1
1
1
1
1
1
1
1
1
1
1
1
1
1
1
1
1
1
1
1
1
1
1
1
1
1
1
1
1
1
1
1
1
1
1
1
1
1
1
1
9
1
2
1
1
2
1
1
4
1
10
1
1
1
1
1
1
1
1
1
1
1
1
1
1
1
1
1
1
1
1
2
1
1
1
1
1
1
1
1
3
3
1
3
1
3
4
4
2
3
1
2
3
3
2
3
1
3
2
3
2
3
2
1
2
2
2
1
3
1
3
2
3
1
1
1
1
1
1
1
1
1
1
3
3
3
3
5
3
4
1
1
1
1
1
1
1
1
1
1
1
1
1
1
1
1
1
1
1
1
1
1
1
1
1
1
1
1
1
1
1
1
1
1
1
1
1
1
1
1
1
1
1
5
1
2
1
2
1
1
1
2
1
1
1
3
2
3
2
1
1
1
1
1
1
1
1
1
10
1
1
1
1
1
1
1
1
1
1
1
1
1
1
1
1
1
1
1
1
1
1
1
1
1
1
1
1
1
1
1
1
1
1
1
1
1
1
1
1
1
1
1
1
1
1
1
1
1
1
1
1
1
1
1
1
1
1
1
1
1
1
2
1
1
1
1
1
1
1
1
1
1
1
1
1
1
1
1
2
1
1
1
1
1
1
1
1
1
1
1
1
1
1
1
1
1
1
1
1
1
1
1
1
1
2
1
1
1
1
1
1
1
1
1
1
1
1
1
1
1
2
1
1
2
2
2
2
2
2
2
2
2
2
2
1
1
1
1
1
1
1
1
1
1
1
1
2
1
1
1
1
1
1
1
1
1
1
1
1
1
1
1
1
1
1
1
1
1
1
1
1
1
1
1
1
1
1
1
1
1
1
1
1
2
1
1
1
1
1
1
1
1
1
1
1
1
1
1
1
1
1
1
1
1
1
1
1
1
1
1
1
1
1
1
1
1
1
1
1
1
1
1
1
1
1
1
2
1
1
1
1
1
1
2
2
2
1
1
1
1
1
1
1
1
1
1
1
1
1
1
1
1
1
1
1
1
1
1
2
1
2
1
1
1
1
1
1
1
1
1
1
1
1
2
1
2
2
2
3
1
1
1
1
1
1
1
1
1
1
1
1
2
1
1
1
1
1
1
1
1
1
1
1
1
1
1
1
1
1
1
1
1
1
1
1
1
1
1
1
1
1
1
1
1
1
1
1
1
1
1
1
1
1
1
1
1
1
1
1
1
1
1
1
1
1
1
1
1
1
1
1
1
1
1
1
1
1
1
1
1
3
1
1
1
1
2
1
1
1
1
1
1
1
1
1
1
1
1
1
1
1
1
1
1
1
1
1
1
1
1
1
1
1
1
1
1
1
1
1
1
1
1
1
1
1
1
1
1
1
1
1
1
1
1
1
1
1
1
1
1
1
1
1
1
1
1
1
1
1
1
1
1
1
1
1
1
1
1
1
1
1
1
1
1
1
1
1
1
1
1
1
1
1
1
1
1
1
1
2
1
1
1
1
1
1
1
1
1
1
1
1
1
1
1
2
1
1
2
1
1
1
1
1
1
1
1
1
1
1
1
1
1
1
1
1
1
1
1
1
1
1
1
1
1
1
1
1
1
1
1
1
1
1
1
1
1
1
1
1
1
1
1
1
1
1
1
1
1
1
1
1
1
1
1
1
1
1
1
1
1
1
1
1
1
1
1
1
1
1
1
1
1
1
1
1
1
1
1
1
1
1
1
1
1
1
1
2
2
1
2
1
1
1
1
1
1
1
1
1
1
1
1
1
1
1
1
1
1
1
1
1
1
1
1
1
1
1
1
1
1
1
1
1
1
1
1
1
1
1
3
1
1
1
1
1
1
1
1
1
1
1
1
1
1
1
1
1
1
1
2
2
1
1
1
1
1
1
1
1
1
1
1
1
1
1
1
1
1
1
1
1
1
1
1
1
1
1
1
1
1
1
1
1
1
1
1
1
1
1
1
1
1
1
1
1
1
1
1
1
1
1
1
1
1
1
1
1
1
1
1
1
1
1
1
1
1
1
1
1
1
1
1
1
1
1
1
1
1
1
1
1
1
1
1
1
1
1
1
1
1
1
1
1
1
1
1
1
1
1
1
1
1
1
1
1
1
1
1
1
1
1
1
1
1
1
1
1
1
1
1
1
1
1
1
1
1
1
1
1
1
1
1
1
1
1
1
1
1
1
1
1
1
1
1
1
1
1
1
1
1
1
1
1
1
1
1
1
1
1
1
1
1
1
1
1
1
1
1
1
1
1
1
1
1
1
1
1
1
1
1
1
1
1
1
1
1
1
1
1
1
1
1
1
1
1
1
1
1
1
1
1
1
1
1
1
1
1
1
1
1
1
1
1
1
1
1
1
1
1
1
1
1
1
1
1
1
1
1
1
1
2
1
1
1
1
1
1
1
1
1
1
1
1
1
1
1
1
1
1
1
1
1
1
1
1
1
1
1
1
1
1
1
1
1
1
1
1
1
1
1
1
1
1
1
1
1
1
1
2
1
2
1
1
1
2
2
2
2
1
1
1
1
1
1
1
1
1
1
1
1
1
1
1
1
1
1
1
1
1
1
1
1
1
1
1
1
1
1
2
1
1
1
1
1
1
1
1
1
1
1
1
1
1
1
1
1
1
1
1
1
1
1
1
1
1
1
1
1
1
1
1
1
1
1
1
2
1
1
1
1
1
5
3
2
1
1
1
1
1
1
1
1
1
1
1
1
1
1
1
1
1
1
1
1
1
1
1
1
1
1
1
1
1
1
1
1
1
1
1
1
1
